(kicad_pcb (version 20171130) (host pcbnew 5.1.9-73d0e3b20d~88~ubuntu20.04.1)

  (general
    (thickness 1.6)
    (drawings 10)
    (tracks 353)
    (zones 0)
    (modules 30)
    (nets 33)
  )

  (page A4)
  (layers
    (0 F.Cu signal)
    (31 B.Cu signal)
    (32 B.Adhes user)
    (33 F.Adhes user)
    (34 B.Paste user)
    (35 F.Paste user)
    (36 B.SilkS user)
    (37 F.SilkS user)
    (38 B.Mask user)
    (39 F.Mask user)
    (40 Dwgs.User user)
    (41 Cmts.User user)
    (42 Eco1.User user)
    (43 Eco2.User user hide)
    (44 Edge.Cuts user)
    (45 Margin user)
    (46 B.CrtYd user)
    (47 F.CrtYd user)
    (48 B.Fab user)
    (49 F.Fab user)
  )

  (setup
    (last_trace_width 0.25)
    (user_trace_width 0.3)
    (user_trace_width 1)
    (trace_clearance 0.2)
    (zone_clearance 0.508)
    (zone_45_only no)
    (trace_min 0.2)
    (via_size 0.8)
    (via_drill 0.4)
    (via_min_size 0.4)
    (via_min_drill 0.3)
    (uvia_size 0.3)
    (uvia_drill 0.1)
    (uvias_allowed no)
    (uvia_min_size 0.2)
    (uvia_min_drill 0.1)
    (edge_width 0.05)
    (segment_width 0.2)
    (pcb_text_width 0.3)
    (pcb_text_size 1.5 1.5)
    (mod_edge_width 0.12)
    (mod_text_size 1 1)
    (mod_text_width 0.15)
    (pad_size 1.524 1.524)
    (pad_drill 0.762)
    (pad_to_mask_clearance 0)
    (aux_axis_origin 0 0)
    (visible_elements FFFFFF7F)
    (pcbplotparams
      (layerselection 0x010fc_ffffffff)
      (usegerberextensions false)
      (usegerberattributes true)
      (usegerberadvancedattributes true)
      (creategerberjobfile true)
      (excludeedgelayer true)
      (linewidth 0.100000)
      (plotframeref false)
      (viasonmask false)
      (mode 1)
      (useauxorigin false)
      (hpglpennumber 1)
      (hpglpenspeed 20)
      (hpglpendiameter 15.000000)
      (psnegative false)
      (psa4output false)
      (plotreference true)
      (plotvalue true)
      (plotinvisibletext false)
      (padsonsilk false)
      (subtractmaskfromsilk false)
      (outputformat 1)
      (mirror false)
      (drillshape 0)
      (scaleselection 1)
      (outputdirectory "../../../../electronic/ProjectGerbers/Access Control/"))
  )

  (net 0 "")
  (net 1 GND)
  (net 2 RST)
  (net 3 Vcc)
  (net 4 Vin)
  (net 5 "Net-(D1-Pad2)")
  (net 6 "Net-(D2-Pad2)")
  (net 7 "Net-(D3-Pad2)")
  (net 8 GPIO00)
  (net 9 "Net-(J1-Pad5)")
  (net 10 GPIO12)
  (net 11 GPIO13)
  (net 12 GPIO14)
  (net 13 GPIO02)
  (net 14 "Net-(J3-Pad1)")
  (net 15 "Net-(J7-Pad1)")
  (net 16 EN)
  (net 17 "Net-(Q1-Pad1)")
  (net 18 GPIO15)
  (net 19 GPIO16)
  (net 20 GPIO05)
  (net 21 "Net-(RELAY1-Pad4)")
  (net 22 Rel_1_out)
  (net 23 SCL)
  (net 24 MOSI)
  (net 25 GPIO10)
  (net 26 GPIO09)
  (net 27 MISO)
  (net 28 "Net-(U1-Pad17)")
  (net 29 TXD)
  (net 30 RXD)
  (net 31 GPIO04)
  (net 32 "Net-(U1-Pad2)")

  (net_class Default "This is the default net class."
    (clearance 0.2)
    (trace_width 0.25)
    (via_dia 0.8)
    (via_drill 0.4)
    (uvia_dia 0.3)
    (uvia_drill 0.1)
    (add_net EN)
    (add_net GND)
    (add_net GPIO00)
    (add_net GPIO02)
    (add_net GPIO04)
    (add_net GPIO05)
    (add_net GPIO09)
    (add_net GPIO10)
    (add_net GPIO12)
    (add_net GPIO13)
    (add_net GPIO14)
    (add_net GPIO15)
    (add_net GPIO16)
    (add_net MISO)
    (add_net MOSI)
    (add_net "Net-(D1-Pad2)")
    (add_net "Net-(D2-Pad2)")
    (add_net "Net-(D3-Pad2)")
    (add_net "Net-(J1-Pad5)")
    (add_net "Net-(J3-Pad1)")
    (add_net "Net-(J7-Pad1)")
    (add_net "Net-(Q1-Pad1)")
    (add_net "Net-(RELAY1-Pad4)")
    (add_net "Net-(U1-Pad17)")
    (add_net "Net-(U1-Pad2)")
    (add_net RST)
    (add_net RXD)
    (add_net Rel_1_out)
    (add_net SCL)
    (add_net TXD)
    (add_net Vcc)
    (add_net Vin)
  )

  (module Esp8266_Module:C_WiFiModule (layer B.Cu) (tedit 60450871) (tstamp 6045B277)
    (at 150.5585 76.3905 180)
    (descr "Wi-Fi Module, http://wiki.ai-thinker.com/_media/esp8266/docs/aithinker_esp_12f_datasheet_en.pdf")
    (tags "Wi-Fi Module")
    (path /60363FD8)
    (attr smd)
    (fp_text reference U1 (at -10.56 5.26) (layer B.SilkS)
      (effects (font (size 1 1) (thickness 0.15)) (justify mirror))
    )
    (fp_text value ESP-12E (at -0.06 12.78) (layer B.Fab)
      (effects (font (size 1 1) (thickness 0.15)) (justify mirror))
    )
    (fp_line (start 5.56 4.8) (end 8.12 7.36) (layer Dwgs.User) (width 0.12))
    (fp_line (start 2.56 4.8) (end 8.12 10.36) (layer Dwgs.User) (width 0.12))
    (fp_line (start -0.44 4.8) (end 6.88 12.12) (layer Dwgs.User) (width 0.12))
    (fp_line (start -3.44 4.8) (end 3.88 12.12) (layer Dwgs.User) (width 0.12))
    (fp_line (start -6.44 4.8) (end 0.88 12.12) (layer Dwgs.User) (width 0.12))
    (fp_line (start -8.12 6.12) (end -2.12 12.12) (layer Dwgs.User) (width 0.12))
    (fp_line (start -8.12 9.12) (end -5.12 12.12) (layer Dwgs.User) (width 0.12))
    (fp_line (start -8.12 4.8) (end -8.12 12.12) (layer Dwgs.User) (width 0.12))
    (fp_line (start 8.12 4.8) (end -8.12 4.8) (layer Dwgs.User) (width 0.12))
    (fp_line (start 8.12 12.12) (end 8.12 4.8) (layer Dwgs.User) (width 0.12))
    (fp_line (start -8.12 12.12) (end 8.12 12.12) (layer Dwgs.User) (width 0.12))
    (fp_line (start -8.12 4.5) (end -8.73 4.5) (layer B.SilkS) (width 0.12))
    (fp_line (start -8.12 4.5) (end -8.12 12.12) (layer B.SilkS) (width 0.12))
    (fp_line (start -8.12 -12.12) (end -8.12 -11.5) (layer B.SilkS) (width 0.12))
    (fp_line (start -6 -12.12) (end -8.12 -12.12) (layer B.SilkS) (width 0.12))
    (fp_line (start 8.12 -12.12) (end 6 -12.12) (layer B.SilkS) (width 0.12))
    (fp_line (start 8.12 -11.5) (end 8.12 -12.12) (layer B.SilkS) (width 0.12))
    (fp_line (start 8.12 12.12) (end 8.12 4.5) (layer B.SilkS) (width 0.12))
    (fp_line (start -8.12 12.12) (end 8.12 12.12) (layer B.SilkS) (width 0.12))
    (fp_line (start -9.05 -13.1) (end -9.05 12.2) (layer B.CrtYd) (width 0.05))
    (fp_line (start 9.05 -13.1) (end -9.05 -13.1) (layer B.CrtYd) (width 0.05))
    (fp_line (start 9.05 12.2) (end 9.05 -13.1) (layer B.CrtYd) (width 0.05))
    (fp_line (start -9.05 12.2) (end 9.05 12.2) (layer B.CrtYd) (width 0.05))
    (fp_line (start -8 4) (end -8 12) (layer B.Fab) (width 0.12))
    (fp_line (start -7.5 3.5) (end -8 4) (layer B.Fab) (width 0.12))
    (fp_line (start -8 3) (end -7.5 3.5) (layer B.Fab) (width 0.12))
    (fp_line (start -8 -12) (end -8 3) (layer B.Fab) (width 0.12))
    (fp_line (start 8 -12) (end -8 -12) (layer B.Fab) (width 0.12))
    (fp_line (start 8 12) (end 8 -12) (layer B.Fab) (width 0.12))
    (fp_line (start -8 12) (end 8 12) (layer B.Fab) (width 0.12))
    (fp_text user %R (at 0.49 0.8) (layer B.Fab)
      (effects (font (size 1 1) (thickness 0.15)) (justify mirror))
    )
    (fp_text user "KEEP-OUT ZONE" (at 0.03 9.55 180) (layer Cmts.User)
      (effects (font (size 1 1) (thickness 0.15)))
    )
    (fp_text user Antenna (at -0.06 7 180) (layer Cmts.User)
      (effects (font (size 1 1) (thickness 0.15)))
    )
    (pad 16 smd rect (at 7.6 3.5 180) (size 2.5 1) (layers B.Cu B.Paste B.Mask)
      (net 29 TXD))
    (pad 15 smd rect (at 7.6 1.5 180) (size 2.5 1) (layers B.Cu B.Paste B.Mask)
      (net 30 RXD))
    (pad 14 smd rect (at 7.6 -0.5 180) (size 2.5 1) (layers B.Cu B.Paste B.Mask)
      (net 20 GPIO05))
    (pad 13 smd rect (at 7.6 -2.5 180) (size 2.5 1) (layers B.Cu B.Paste B.Mask)
      (net 31 GPIO04))
    (pad 12 smd rect (at 7.6 -4.5 180) (size 2.5 1) (layers B.Cu B.Paste B.Mask)
      (net 8 GPIO00))
    (pad 11 smd rect (at 7.6 -6.5 180) (size 2.5 1) (layers B.Cu B.Paste B.Mask)
      (net 13 GPIO02))
    (pad 10 smd rect (at 7.6 -8.5 180) (size 2.5 1) (layers B.Cu B.Paste B.Mask)
      (net 18 GPIO15))
    (pad 9 smd rect (at 7.6 -10.5 180) (size 2.5 1) (layers B.Cu B.Paste B.Mask)
      (net 1 GND))
    (pad 22 smd rect (at 5 -12 180) (size 1 1.8) (layers B.Cu B.Paste B.Mask)
      (net 23 SCL))
    (pad 21 smd rect (at 3 -12 180) (size 1 1.8) (layers B.Cu B.Paste B.Mask)
      (net 24 MOSI))
    (pad 20 smd rect (at 1 -12 180) (size 1 1.8) (layers B.Cu B.Paste B.Mask)
      (net 25 GPIO10))
    (pad 19 smd rect (at -1 -12 180) (size 1 1.8) (layers B.Cu B.Paste B.Mask)
      (net 26 GPIO09))
    (pad 18 smd rect (at -3 -12 180) (size 1 1.8) (layers B.Cu B.Paste B.Mask)
      (net 27 MISO))
    (pad 17 smd rect (at -5 -12 180) (size 1 1.8) (layers B.Cu B.Paste B.Mask)
      (net 28 "Net-(U1-Pad17)"))
    (pad 8 smd rect (at -7.6 -10.5 180) (size 2.5 1) (layers B.Cu B.Paste B.Mask)
      (net 3 Vcc))
    (pad 7 smd rect (at -7.6 -8.5 180) (size 2.5 1) (layers B.Cu B.Paste B.Mask)
      (net 11 GPIO13))
    (pad 6 smd rect (at -7.6 -6.5 180) (size 2.5 1) (layers B.Cu B.Paste B.Mask)
      (net 10 GPIO12))
    (pad 5 smd rect (at -7.6 -4.5 180) (size 2.5 1) (layers B.Cu B.Paste B.Mask)
      (net 12 GPIO14))
    (pad 4 smd rect (at -7.6 -2.5 180) (size 2.5 1) (layers B.Cu B.Paste B.Mask)
      (net 19 GPIO16))
    (pad 3 smd rect (at -7.6 -0.5 180) (size 2.5 1) (layers B.Cu B.Paste B.Mask)
      (net 16 EN))
    (pad 2 smd rect (at -7.6 1.5 180) (size 2.5 1) (layers B.Cu B.Paste B.Mask)
      (net 32 "Net-(U1-Pad2)"))
    (pad 1 smd rect (at -7.6 3.5 180) (size 2.5 1) (layers B.Cu B.Paste B.Mask)
      (net 2 RST))
    (model ${KISYS3DMOD}/RF_Module.3dshapes/ESP-12E.wrl
      (at (xyz 0 0 0))
      (scale (xyz 1 1 1))
      (rotate (xyz 0 0 0))
    )
  )

  (module Package_TO_SOT_SMD:SOT-223-3_TabPin2 (layer B.Cu) (tedit 5A02FF57) (tstamp 60456BD0)
    (at 156.0195 98.1075)
    (descr "module CMS SOT223 4 pins")
    (tags "CMS SOT")
    (path /604CEF8B/604D73D7)
    (attr smd)
    (fp_text reference U4 (at 0 4.5) (layer B.SilkS)
      (effects (font (size 1 1) (thickness 0.15)) (justify mirror))
    )
    (fp_text value AMS1117-3.3 (at 0 -4.5) (layer B.Fab)
      (effects (font (size 1 1) (thickness 0.15)) (justify mirror))
    )
    (fp_line (start 1.91 -3.41) (end 1.91 -2.15) (layer B.SilkS) (width 0.12))
    (fp_line (start 1.91 3.41) (end 1.91 2.15) (layer B.SilkS) (width 0.12))
    (fp_line (start 4.4 3.6) (end -4.4 3.6) (layer B.CrtYd) (width 0.05))
    (fp_line (start 4.4 -3.6) (end 4.4 3.6) (layer B.CrtYd) (width 0.05))
    (fp_line (start -4.4 -3.6) (end 4.4 -3.6) (layer B.CrtYd) (width 0.05))
    (fp_line (start -4.4 3.6) (end -4.4 -3.6) (layer B.CrtYd) (width 0.05))
    (fp_line (start -1.85 2.35) (end -0.85 3.35) (layer B.Fab) (width 0.1))
    (fp_line (start -1.85 2.35) (end -1.85 -3.35) (layer B.Fab) (width 0.1))
    (fp_line (start -1.85 -3.41) (end 1.91 -3.41) (layer B.SilkS) (width 0.12))
    (fp_line (start -0.85 3.35) (end 1.85 3.35) (layer B.Fab) (width 0.1))
    (fp_line (start -4.1 3.41) (end 1.91 3.41) (layer B.SilkS) (width 0.12))
    (fp_line (start -1.85 -3.35) (end 1.85 -3.35) (layer B.Fab) (width 0.1))
    (fp_line (start 1.85 3.35) (end 1.85 -3.35) (layer B.Fab) (width 0.1))
    (fp_text user %R (at 0 0 -90) (layer B.Fab)
      (effects (font (size 0.8 0.8) (thickness 0.12)) (justify mirror))
    )
    (pad 2 smd rect (at 3.15 0) (size 2 3.8) (layers B.Cu B.Paste B.Mask)
      (net 3 Vcc))
    (pad 2 smd rect (at -3.15 0) (size 2 1.5) (layers B.Cu B.Paste B.Mask)
      (net 3 Vcc))
    (pad 3 smd rect (at -3.15 -2.3) (size 2 1.5) (layers B.Cu B.Paste B.Mask)
      (net 4 Vin))
    (pad 1 smd rect (at -3.15 2.3) (size 2 1.5) (layers B.Cu B.Paste B.Mask)
      (net 1 GND))
    (model ${KISYS3DMOD}/Package_TO_SOT_SMD.3dshapes/SOT-223.wrl
      (at (xyz 0 0 0))
      (scale (xyz 1 1 1))
      (rotate (xyz 0 0 0))
    )
  )

  (module Borneras:Bronera_2 (layer B.Cu) (tedit 5EA71E9B) (tstamp 60456BBA)
    (at 168.7195 114.6175 270)
    (path /60497C27)
    (fp_text reference U3 (at 0 5.842 90) (layer B.SilkS)
      (effects (font (size 1 1) (thickness 0.15)) (justify mirror))
    )
    (fp_text value Bornera2 (at 0 7.493 90) (layer B.Fab)
      (effects (font (size 1 1) (thickness 0.15)) (justify mirror))
    )
    (fp_line (start -5.05 -2.54) (end 5.05 -2.54) (layer B.SilkS) (width 0.12))
    (fp_line (start -4.191 4.826) (end 5.05 4.826) (layer B.SilkS) (width 0.12))
    (fp_line (start -5.05 2.54) (end 5.05 2.54) (layer B.SilkS) (width 0.12))
    (fp_line (start -5.05 -2.54) (end -5.05 2.54) (layer B.SilkS) (width 0.12))
    (fp_line (start 5.05 -2.54) (end 5.05 2.54) (layer B.SilkS) (width 0.12))
    (fp_line (start 5.05 2.54) (end 5.05 4.826) (layer B.SilkS) (width 0.12))
    (fp_line (start -5.05 2.54) (end -5.05 3.937) (layer B.SilkS) (width 0.12))
    (fp_line (start -5.05 3.937) (end -4.191 4.826) (layer B.SilkS) (width 0.12))
    (pad 1 thru_hole circle (at -2.504 0 270) (size 1.6 1.6) (drill 1.1) (layers *.Cu *.Mask)
      (net 22 Rel_1_out))
    (pad 2 thru_hole circle (at 2.504 0 270) (size 1.6 1.6) (drill 1.1) (layers *.Cu *.Mask)
      (net 1 GND))
  )

  (module Borneras:Bronera_2 (layer B.Cu) (tedit 5EA71E9B) (tstamp 60456BAC)
    (at 131.8895 114.6175 90)
    (path /6045A657)
    (fp_text reference U2 (at 0 5.842 90) (layer B.SilkS)
      (effects (font (size 1 1) (thickness 0.15)) (justify mirror))
    )
    (fp_text value Bornera2 (at 0 7.493 90) (layer B.Fab)
      (effects (font (size 1 1) (thickness 0.15)) (justify mirror))
    )
    (fp_line (start -5.05 -2.54) (end 5.05 -2.54) (layer B.SilkS) (width 0.12))
    (fp_line (start -4.191 4.826) (end 5.05 4.826) (layer B.SilkS) (width 0.12))
    (fp_line (start -5.05 2.54) (end 5.05 2.54) (layer B.SilkS) (width 0.12))
    (fp_line (start -5.05 -2.54) (end -5.05 2.54) (layer B.SilkS) (width 0.12))
    (fp_line (start 5.05 -2.54) (end 5.05 2.54) (layer B.SilkS) (width 0.12))
    (fp_line (start 5.05 2.54) (end 5.05 4.826) (layer B.SilkS) (width 0.12))
    (fp_line (start -5.05 2.54) (end -5.05 3.937) (layer B.SilkS) (width 0.12))
    (fp_line (start -5.05 3.937) (end -4.191 4.826) (layer B.SilkS) (width 0.12))
    (pad 1 thru_hole circle (at -2.504 0 90) (size 1.6 1.6) (drill 1.1) (layers *.Cu *.Mask)
      (net 4 Vin))
    (pad 2 thru_hole circle (at 2.504 0 90) (size 1.6 1.6) (drill 1.1) (layers *.Cu *.Mask)
      (net 1 GND))
  )

  (module Relay_5pin:Relay (layer B.Cu) (tedit 60181D4B) (tstamp 60456B63)
    (at 144.5895 113.3475)
    (path /60455E3F/6046C01D)
    (fp_text reference RELAY1 (at 4.826 8.898) (layer B.SilkS)
      (effects (font (size 1 1) (thickness 0.15)) (justify mirror))
    )
    (fp_text value JQC-3FF (at 4.826 9.898) (layer B.Fab)
      (effects (font (size 1 1) (thickness 0.15)) (justify mirror))
    )
    (fp_line (start 2.54 5.08) (end 2.54 1.778) (layer B.SilkS) (width 0.12))
    (fp_line (start 2.54 1.778) (end 2.54 1.016) (layer B.SilkS) (width 0.12))
    (fp_line (start 2.54 1.016) (end 1.524 1.016) (layer B.SilkS) (width 0.12))
    (fp_line (start 1.524 1.016) (end 1.524 -1.016) (layer B.SilkS) (width 0.12))
    (fp_line (start 1.524 -1.016) (end 3.556 -1.016) (layer B.SilkS) (width 0.12))
    (fp_line (start 3.556 -1.016) (end 3.556 1.016) (layer B.SilkS) (width 0.12))
    (fp_line (start 3.556 1.016) (end 2.54 1.016) (layer B.SilkS) (width 0.12))
    (fp_line (start 2.54 -1.016) (end 2.54 -5.08) (layer B.SilkS) (width 0.12))
    (fp_line (start 1.524 1.016) (end 3.556 -1.016) (layer B.SilkS) (width 0.12))
    (fp_line (start 1.016 6.096) (end 2.54 6.096) (layer B.SilkS) (width 0.12))
    (fp_line (start 2.54 6.096) (end 2.54 5.08) (layer B.SilkS) (width 0.12))
    (fp_line (start 2.54 -5.08) (end 2.54 -6.096) (layer B.SilkS) (width 0.12))
    (fp_line (start 2.54 -6.096) (end 1.016 -6.096) (layer B.SilkS) (width 0.12))
    (fp_line (start -2.032 1.016) (end -2.032 3.81) (layer B.SilkS) (width 0.12))
    (fp_line (start -2.032 3.81) (end 5.842 3.81) (layer B.SilkS) (width 0.12))
    (fp_line (start 12.192 5.334) (end 12.192 2.032) (layer B.SilkS) (width 0.12))
    (fp_line (start 12.192 -1.778) (end 12.192 -5.08) (layer B.SilkS) (width 0.12))
    (fp_line (start 5.842 3.81) (end 5.842 0) (layer B.SilkS) (width 0.12))
    (fp_line (start 5.842 0) (end 10.922 0) (layer B.SilkS) (width 0.12))
    (fp_line (start 10.922 0) (end 12.192 1.524) (layer B.SilkS) (width 0.12))
    (fp_line (start -4 -7.62) (end 16.2 -7.62) (layer B.SilkS) (width 0.12))
    (fp_line (start -4 7.62) (end 16.2 7.62) (layer B.SilkS) (width 0.12))
    (fp_line (start -4.064 7.62) (end -4.064 -7.62) (layer B.SilkS) (width 0.12))
    (fp_line (start 16.256 7.62) (end 16.256 -7.62) (layer B.SilkS) (width 0.12))
    (pad 2 thru_hole circle (at 0 -6) (size 1.524 1.524) (drill 1.1) (layers *.Cu *.Mask)
      (net 5 "Net-(D1-Pad2)"))
    (pad 1 thru_hole circle (at 0 6) (size 1.524 1.524) (drill 1.1) (layers *.Cu *.Mask Dwgs.User)
      (net 4 Vin))
    (pad 3 thru_hole circle (at -2 0) (size 1.524 1.524) (drill 1.1) (layers *.Cu *.Mask Dwgs.User)
      (net 4 Vin))
    (pad 5 thru_hole circle (at 12.2 -6) (size 1.524 1.524) (drill 1.1) (layers *.Cu *.Mask)
      (net 22 Rel_1_out))
    (pad 4 thru_hole circle (at 12.2 6.35) (size 1.524 1.524) (drill 1.1) (layers *.Cu *.Mask)
      (net 21 "Net-(RELAY1-Pad4)"))
    (model "/home/yiond/Desktop/electronic/KicadPersonalLib/3dModels/Relays/Relay - SRD-03VDC-SL-C.stp"
      (offset (xyz 6 0 0))
      (scale (xyz 1 1 1))
      (rotate (xyz 0 0 180))
    )
  )

  (module Resistor_SMD:R_0805_2012Metric (layer B.Cu) (tedit 5F68FEEE) (tstamp 60456B42)
    (at 169.6085 86.1695 90)
    (descr "Resistor SMD 0805 (2012 Metric), square (rectangular) end terminal, IPC_7351 nominal, (Body size source: IPC-SM-782 page 72, https://www.pcb-3d.com/wordpress/wp-content/uploads/ipc-sm-782a_amendment_1_and_2.pdf), generated with kicad-footprint-generator")
    (tags resistor)
    (path /604BEA43/604CE252)
    (attr smd)
    (fp_text reference R8 (at 0 1.65 90) (layer B.SilkS)
      (effects (font (size 1 1) (thickness 0.15)) (justify mirror))
    )
    (fp_text value 220 (at 0 -1.65 90) (layer B.Fab)
      (effects (font (size 1 1) (thickness 0.15)) (justify mirror))
    )
    (fp_line (start 1.68 -0.95) (end -1.68 -0.95) (layer B.CrtYd) (width 0.05))
    (fp_line (start 1.68 0.95) (end 1.68 -0.95) (layer B.CrtYd) (width 0.05))
    (fp_line (start -1.68 0.95) (end 1.68 0.95) (layer B.CrtYd) (width 0.05))
    (fp_line (start -1.68 -0.95) (end -1.68 0.95) (layer B.CrtYd) (width 0.05))
    (fp_line (start -0.227064 -0.735) (end 0.227064 -0.735) (layer B.SilkS) (width 0.12))
    (fp_line (start -0.227064 0.735) (end 0.227064 0.735) (layer B.SilkS) (width 0.12))
    (fp_line (start 1 -0.625) (end -1 -0.625) (layer B.Fab) (width 0.1))
    (fp_line (start 1 0.625) (end 1 -0.625) (layer B.Fab) (width 0.1))
    (fp_line (start -1 0.625) (end 1 0.625) (layer B.Fab) (width 0.1))
    (fp_line (start -1 -0.625) (end -1 0.625) (layer B.Fab) (width 0.1))
    (fp_text user %R (at 0 0 90) (layer B.Fab)
      (effects (font (size 0.5 0.5) (thickness 0.08)) (justify mirror))
    )
    (pad 2 smd roundrect (at 0.9125 0 90) (size 1.025 1.4) (layers B.Cu B.Paste B.Mask) (roundrect_rratio 0.2439014634146341)
      (net 18 GPIO15))
    (pad 1 smd roundrect (at -0.9125 0 90) (size 1.025 1.4) (layers B.Cu B.Paste B.Mask) (roundrect_rratio 0.2439014634146341)
      (net 7 "Net-(D3-Pad2)"))
    (model ${KISYS3DMOD}/Resistor_SMD.3dshapes/R_0805_2012Metric.wrl
      (at (xyz 0 0 0))
      (scale (xyz 1 1 1))
      (rotate (xyz 0 0 0))
    )
  )

  (module Resistor_SMD:R_0805_2012Metric (layer B.Cu) (tedit 5F68FEEE) (tstamp 60456B31)
    (at 164.7825 86.0425 90)
    (descr "Resistor SMD 0805 (2012 Metric), square (rectangular) end terminal, IPC_7351 nominal, (Body size source: IPC-SM-782 page 72, https://www.pcb-3d.com/wordpress/wp-content/uploads/ipc-sm-782a_amendment_1_and_2.pdf), generated with kicad-footprint-generator")
    (tags resistor)
    (path /604BEA43/604CCEB8)
    (attr smd)
    (fp_text reference R7 (at 0 1.65 90) (layer B.SilkS)
      (effects (font (size 1 1) (thickness 0.15)) (justify mirror))
    )
    (fp_text value 220 (at 0 -1.65 90) (layer B.Fab)
      (effects (font (size 1 1) (thickness 0.15)) (justify mirror))
    )
    (fp_line (start 1.68 -0.95) (end -1.68 -0.95) (layer B.CrtYd) (width 0.05))
    (fp_line (start 1.68 0.95) (end 1.68 -0.95) (layer B.CrtYd) (width 0.05))
    (fp_line (start -1.68 0.95) (end 1.68 0.95) (layer B.CrtYd) (width 0.05))
    (fp_line (start -1.68 -0.95) (end -1.68 0.95) (layer B.CrtYd) (width 0.05))
    (fp_line (start -0.227064 -0.735) (end 0.227064 -0.735) (layer B.SilkS) (width 0.12))
    (fp_line (start -0.227064 0.735) (end 0.227064 0.735) (layer B.SilkS) (width 0.12))
    (fp_line (start 1 -0.625) (end -1 -0.625) (layer B.Fab) (width 0.1))
    (fp_line (start 1 0.625) (end 1 -0.625) (layer B.Fab) (width 0.1))
    (fp_line (start -1 0.625) (end 1 0.625) (layer B.Fab) (width 0.1))
    (fp_line (start -1 -0.625) (end -1 0.625) (layer B.Fab) (width 0.1))
    (fp_text user %R (at 0 0 90) (layer B.Fab)
      (effects (font (size 0.5 0.5) (thickness 0.08)) (justify mirror))
    )
    (pad 2 smd roundrect (at 0.9125 0 90) (size 1.025 1.4) (layers B.Cu B.Paste B.Mask) (roundrect_rratio 0.2439014634146341)
      (net 20 GPIO05))
    (pad 1 smd roundrect (at -0.9125 0 90) (size 1.025 1.4) (layers B.Cu B.Paste B.Mask) (roundrect_rratio 0.2439014634146341)
      (net 6 "Net-(D2-Pad2)"))
    (model ${KISYS3DMOD}/Resistor_SMD.3dshapes/R_0805_2012Metric.wrl
      (at (xyz 0 0 0))
      (scale (xyz 1 1 1))
      (rotate (xyz 0 0 0))
    )
  )

  (module Resistor_SMD:R_0805_2012Metric (layer B.Cu) (tedit 5F68FEEE) (tstamp 60456B20)
    (at 136.9695 103.1875 180)
    (descr "Resistor SMD 0805 (2012 Metric), square (rectangular) end terminal, IPC_7351 nominal, (Body size source: IPC-SM-782 page 72, https://www.pcb-3d.com/wordpress/wp-content/uploads/ipc-sm-782a_amendment_1_and_2.pdf), generated with kicad-footprint-generator")
    (tags resistor)
    (path /60455E3F/604735CF)
    (attr smd)
    (fp_text reference R6 (at 0 1.65) (layer B.SilkS)
      (effects (font (size 1 1) (thickness 0.15)) (justify mirror))
    )
    (fp_text value 2.2k (at 0 -1.65) (layer B.Fab)
      (effects (font (size 1 1) (thickness 0.15)) (justify mirror))
    )
    (fp_line (start -1 -0.625) (end -1 0.625) (layer B.Fab) (width 0.1))
    (fp_line (start -1 0.625) (end 1 0.625) (layer B.Fab) (width 0.1))
    (fp_line (start 1 0.625) (end 1 -0.625) (layer B.Fab) (width 0.1))
    (fp_line (start 1 -0.625) (end -1 -0.625) (layer B.Fab) (width 0.1))
    (fp_line (start -0.227064 0.735) (end 0.227064 0.735) (layer B.SilkS) (width 0.12))
    (fp_line (start -0.227064 -0.735) (end 0.227064 -0.735) (layer B.SilkS) (width 0.12))
    (fp_line (start -1.68 -0.95) (end -1.68 0.95) (layer B.CrtYd) (width 0.05))
    (fp_line (start -1.68 0.95) (end 1.68 0.95) (layer B.CrtYd) (width 0.05))
    (fp_line (start 1.68 0.95) (end 1.68 -0.95) (layer B.CrtYd) (width 0.05))
    (fp_line (start 1.68 -0.95) (end -1.68 -0.95) (layer B.CrtYd) (width 0.05))
    (fp_text user %R (at 0 0) (layer B.Fab)
      (effects (font (size 0.5 0.5) (thickness 0.08)) (justify mirror))
    )
    (pad 1 smd roundrect (at -0.9125 0 180) (size 1.025 1.4) (layers B.Cu B.Paste B.Mask) (roundrect_rratio 0.2439014634146341)
      (net 17 "Net-(Q1-Pad1)"))
    (pad 2 smd roundrect (at 0.9125 0 180) (size 1.025 1.4) (layers B.Cu B.Paste B.Mask) (roundrect_rratio 0.2439014634146341)
      (net 19 GPIO16))
    (model ${KISYS3DMOD}/Resistor_SMD.3dshapes/R_0805_2012Metric.wrl
      (at (xyz 0 0 0))
      (scale (xyz 1 1 1))
      (rotate (xyz 0 0 0))
    )
  )

  (module Resistor_SMD:R_0805_2012Metric (layer B.Cu) (tedit 5F68FEEE) (tstamp 60456B0F)
    (at 132.3975 100.7745)
    (descr "Resistor SMD 0805 (2012 Metric), square (rectangular) end terminal, IPC_7351 nominal, (Body size source: IPC-SM-782 page 72, https://www.pcb-3d.com/wordpress/wp-content/uploads/ipc-sm-782a_amendment_1_and_2.pdf), generated with kicad-footprint-generator")
    (tags resistor)
    (path /604AAA90)
    (attr smd)
    (fp_text reference R5 (at 0 1.65) (layer B.SilkS)
      (effects (font (size 1 1) (thickness 0.15)) (justify mirror))
    )
    (fp_text value 12k (at 0 -1.65) (layer B.Fab)
      (effects (font (size 1 1) (thickness 0.15)) (justify mirror))
    )
    (fp_line (start 1.68 -0.95) (end -1.68 -0.95) (layer B.CrtYd) (width 0.05))
    (fp_line (start 1.68 0.95) (end 1.68 -0.95) (layer B.CrtYd) (width 0.05))
    (fp_line (start -1.68 0.95) (end 1.68 0.95) (layer B.CrtYd) (width 0.05))
    (fp_line (start -1.68 -0.95) (end -1.68 0.95) (layer B.CrtYd) (width 0.05))
    (fp_line (start -0.227064 -0.735) (end 0.227064 -0.735) (layer B.SilkS) (width 0.12))
    (fp_line (start -0.227064 0.735) (end 0.227064 0.735) (layer B.SilkS) (width 0.12))
    (fp_line (start 1 -0.625) (end -1 -0.625) (layer B.Fab) (width 0.1))
    (fp_line (start 1 0.625) (end 1 -0.625) (layer B.Fab) (width 0.1))
    (fp_line (start -1 0.625) (end 1 0.625) (layer B.Fab) (width 0.1))
    (fp_line (start -1 -0.625) (end -1 0.625) (layer B.Fab) (width 0.1))
    (fp_text user %R (at 0 0) (layer B.Fab)
      (effects (font (size 0.5 0.5) (thickness 0.08)) (justify mirror))
    )
    (pad 2 smd roundrect (at 0.9125 0) (size 1.025 1.4) (layers B.Cu B.Paste B.Mask) (roundrect_rratio 0.2439014634146341)
      (net 18 GPIO15))
    (pad 1 smd roundrect (at -0.9125 0) (size 1.025 1.4) (layers B.Cu B.Paste B.Mask) (roundrect_rratio 0.2439014634146341)
      (net 1 GND))
    (model ${KISYS3DMOD}/Resistor_SMD.3dshapes/R_0805_2012Metric.wrl
      (at (xyz 0 0 0))
      (scale (xyz 1 1 1))
      (rotate (xyz 0 0 0))
    )
  )

  (module Resistor_SMD:R_0805_2012Metric (layer B.Cu) (tedit 5F68FEEE) (tstamp 60456AFE)
    (at 135.1915 95.337 90)
    (descr "Resistor SMD 0805 (2012 Metric), square (rectangular) end terminal, IPC_7351 nominal, (Body size source: IPC-SM-782 page 72, https://www.pcb-3d.com/wordpress/wp-content/uploads/ipc-sm-782a_amendment_1_and_2.pdf), generated with kicad-footprint-generator")
    (tags resistor)
    (path /604A9FC3)
    (attr smd)
    (fp_text reference R4 (at -2.5165 0 180) (layer B.SilkS)
      (effects (font (size 1 1) (thickness 0.15)) (justify mirror))
    )
    (fp_text value 10k (at 2.5635 -0.127 180) (layer B.Fab)
      (effects (font (size 1 1) (thickness 0.15)) (justify mirror))
    )
    (fp_line (start 1.68 -0.95) (end -1.68 -0.95) (layer B.CrtYd) (width 0.05))
    (fp_line (start 1.68 0.95) (end 1.68 -0.95) (layer B.CrtYd) (width 0.05))
    (fp_line (start -1.68 0.95) (end 1.68 0.95) (layer B.CrtYd) (width 0.05))
    (fp_line (start -1.68 -0.95) (end -1.68 0.95) (layer B.CrtYd) (width 0.05))
    (fp_line (start -0.227064 -0.735) (end 0.227064 -0.735) (layer B.SilkS) (width 0.12))
    (fp_line (start -0.227064 0.735) (end 0.227064 0.735) (layer B.SilkS) (width 0.12))
    (fp_line (start 1 -0.625) (end -1 -0.625) (layer B.Fab) (width 0.1))
    (fp_line (start 1 0.625) (end 1 -0.625) (layer B.Fab) (width 0.1))
    (fp_line (start -1 0.625) (end 1 0.625) (layer B.Fab) (width 0.1))
    (fp_line (start -1 -0.625) (end -1 0.625) (layer B.Fab) (width 0.1))
    (fp_text user %R (at 0 0 90) (layer B.Fab)
      (effects (font (size 0.5 0.5) (thickness 0.08)) (justify mirror))
    )
    (pad 2 smd roundrect (at 0.9125 0 90) (size 1.025 1.4) (layers B.Cu B.Paste B.Mask) (roundrect_rratio 0.2439014634146341)
      (net 2 RST))
    (pad 1 smd roundrect (at -0.9125 0 90) (size 1.025 1.4) (layers B.Cu B.Paste B.Mask) (roundrect_rratio 0.2439014634146341)
      (net 3 Vcc))
    (model ${KISYS3DMOD}/Resistor_SMD.3dshapes/R_0805_2012Metric.wrl
      (at (xyz 0 0 0))
      (scale (xyz 1 1 1))
      (rotate (xyz 0 0 0))
    )
  )

  (module Resistor_SMD:R_0805_2012Metric (layer B.Cu) (tedit 5F68FEEE) (tstamp 60456AED)
    (at 138.2395 95.337 90)
    (descr "Resistor SMD 0805 (2012 Metric), square (rectangular) end terminal, IPC_7351 nominal, (Body size source: IPC-SM-782 page 72, https://www.pcb-3d.com/wordpress/wp-content/uploads/ipc-sm-782a_amendment_1_and_2.pdf), generated with kicad-footprint-generator")
    (tags resistor)
    (path /604A9907)
    (attr smd)
    (fp_text reference R3 (at -2.6435 0 180) (layer B.SilkS)
      (effects (font (size 1 1) (thickness 0.15)) (justify mirror))
    )
    (fp_text value 10k (at 2.6905 -0.254 180) (layer B.Fab)
      (effects (font (size 1 1) (thickness 0.15)) (justify mirror))
    )
    (fp_line (start 1.68 -0.95) (end -1.68 -0.95) (layer B.CrtYd) (width 0.05))
    (fp_line (start 1.68 0.95) (end 1.68 -0.95) (layer B.CrtYd) (width 0.05))
    (fp_line (start -1.68 0.95) (end 1.68 0.95) (layer B.CrtYd) (width 0.05))
    (fp_line (start -1.68 -0.95) (end -1.68 0.95) (layer B.CrtYd) (width 0.05))
    (fp_line (start -0.227064 -0.735) (end 0.227064 -0.735) (layer B.SilkS) (width 0.12))
    (fp_line (start -0.227064 0.735) (end 0.227064 0.735) (layer B.SilkS) (width 0.12))
    (fp_line (start 1 -0.625) (end -1 -0.625) (layer B.Fab) (width 0.1))
    (fp_line (start 1 0.625) (end 1 -0.625) (layer B.Fab) (width 0.1))
    (fp_line (start -1 0.625) (end 1 0.625) (layer B.Fab) (width 0.1))
    (fp_line (start -1 -0.625) (end -1 0.625) (layer B.Fab) (width 0.1))
    (fp_text user %R (at 0 0 90) (layer B.Fab)
      (effects (font (size 0.5 0.5) (thickness 0.08)) (justify mirror))
    )
    (pad 2 smd roundrect (at 0.9125 0 90) (size 1.025 1.4) (layers B.Cu B.Paste B.Mask) (roundrect_rratio 0.2439014634146341)
      (net 16 EN))
    (pad 1 smd roundrect (at -0.9125 0 90) (size 1.025 1.4) (layers B.Cu B.Paste B.Mask) (roundrect_rratio 0.2439014634146341)
      (net 3 Vcc))
    (model ${KISYS3DMOD}/Resistor_SMD.3dshapes/R_0805_2012Metric.wrl
      (at (xyz 0 0 0))
      (scale (xyz 1 1 1))
      (rotate (xyz 0 0 0))
    )
  )

  (module Resistor_SMD:R_0805_2012Metric (layer B.Cu) (tedit 5F68FEEE) (tstamp 60456ADC)
    (at 132.0165 95.4405 90)
    (descr "Resistor SMD 0805 (2012 Metric), square (rectangular) end terminal, IPC_7351 nominal, (Body size source: IPC-SM-782 page 72, https://www.pcb-3d.com/wordpress/wp-content/uploads/ipc-sm-782a_amendment_1_and_2.pdf), generated with kicad-footprint-generator")
    (tags resistor)
    (path /604A70AC)
    (attr smd)
    (fp_text reference R2 (at -2.413 -0.127 180) (layer B.SilkS)
      (effects (font (size 1 1) (thickness 0.15)) (justify mirror))
    )
    (fp_text value 10k (at 2.667 -0.254 180) (layer B.Fab)
      (effects (font (size 1 1) (thickness 0.15)) (justify mirror))
    )
    (fp_line (start 1.68 -0.95) (end -1.68 -0.95) (layer B.CrtYd) (width 0.05))
    (fp_line (start 1.68 0.95) (end 1.68 -0.95) (layer B.CrtYd) (width 0.05))
    (fp_line (start -1.68 0.95) (end 1.68 0.95) (layer B.CrtYd) (width 0.05))
    (fp_line (start -1.68 -0.95) (end -1.68 0.95) (layer B.CrtYd) (width 0.05))
    (fp_line (start -0.227064 -0.735) (end 0.227064 -0.735) (layer B.SilkS) (width 0.12))
    (fp_line (start -0.227064 0.735) (end 0.227064 0.735) (layer B.SilkS) (width 0.12))
    (fp_line (start 1 -0.625) (end -1 -0.625) (layer B.Fab) (width 0.1))
    (fp_line (start 1 0.625) (end 1 -0.625) (layer B.Fab) (width 0.1))
    (fp_line (start -1 0.625) (end 1 0.625) (layer B.Fab) (width 0.1))
    (fp_line (start -1 -0.625) (end -1 0.625) (layer B.Fab) (width 0.1))
    (fp_text user %R (at 0 0 90) (layer B.Fab)
      (effects (font (size 0.5 0.5) (thickness 0.08)) (justify mirror))
    )
    (pad 2 smd roundrect (at 0.9125 0 90) (size 1.025 1.4) (layers B.Cu B.Paste B.Mask) (roundrect_rratio 0.2439014634146341)
      (net 13 GPIO02))
    (pad 1 smd roundrect (at -0.9125 0 90) (size 1.025 1.4) (layers B.Cu B.Paste B.Mask) (roundrect_rratio 0.2439014634146341)
      (net 3 Vcc))
    (model ${KISYS3DMOD}/Resistor_SMD.3dshapes/R_0805_2012Metric.wrl
      (at (xyz 0 0 0))
      (scale (xyz 1 1 1))
      (rotate (xyz 0 0 0))
    )
  )

  (module Resistor_SMD:R_0805_2012Metric (layer B.Cu) (tedit 5F68FEEE) (tstamp 60456ACB)
    (at 141.0335 95.337 90)
    (descr "Resistor SMD 0805 (2012 Metric), square (rectangular) end terminal, IPC_7351 nominal, (Body size source: IPC-SM-782 page 72, https://www.pcb-3d.com/wordpress/wp-content/uploads/ipc-sm-782a_amendment_1_and_2.pdf), generated with kicad-footprint-generator")
    (tags resistor)
    (path /604A5EDF)
    (attr smd)
    (fp_text reference R1 (at -2.6435 0 180) (layer B.SilkS)
      (effects (font (size 1 1) (thickness 0.15)) (justify mirror))
    )
    (fp_text value 10k (at 2.6905 -0.254 180) (layer B.Fab)
      (effects (font (size 1 1) (thickness 0.15)) (justify mirror))
    )
    (fp_line (start 1.68 -0.95) (end -1.68 -0.95) (layer B.CrtYd) (width 0.05))
    (fp_line (start 1.68 0.95) (end 1.68 -0.95) (layer B.CrtYd) (width 0.05))
    (fp_line (start -1.68 0.95) (end 1.68 0.95) (layer B.CrtYd) (width 0.05))
    (fp_line (start -1.68 -0.95) (end -1.68 0.95) (layer B.CrtYd) (width 0.05))
    (fp_line (start -0.227064 -0.735) (end 0.227064 -0.735) (layer B.SilkS) (width 0.12))
    (fp_line (start -0.227064 0.735) (end 0.227064 0.735) (layer B.SilkS) (width 0.12))
    (fp_line (start 1 -0.625) (end -1 -0.625) (layer B.Fab) (width 0.1))
    (fp_line (start 1 0.625) (end 1 -0.625) (layer B.Fab) (width 0.1))
    (fp_line (start -1 0.625) (end 1 0.625) (layer B.Fab) (width 0.1))
    (fp_line (start -1 -0.625) (end -1 0.625) (layer B.Fab) (width 0.1))
    (fp_text user %R (at 0 0 90) (layer B.Fab)
      (effects (font (size 0.5 0.5) (thickness 0.08)) (justify mirror))
    )
    (pad 2 smd roundrect (at 0.9125 0 90) (size 1.025 1.4) (layers B.Cu B.Paste B.Mask) (roundrect_rratio 0.2439014634146341)
      (net 8 GPIO00))
    (pad 1 smd roundrect (at -0.9125 0 90) (size 1.025 1.4) (layers B.Cu B.Paste B.Mask) (roundrect_rratio 0.2439014634146341)
      (net 3 Vcc))
    (model ${KISYS3DMOD}/Resistor_SMD.3dshapes/R_0805_2012Metric.wrl
      (at (xyz 0 0 0))
      (scale (xyz 1 1 1))
      (rotate (xyz 0 0 0))
    )
  )

  (module Package_TO_SOT_SMD:SOT-23 (layer B.Cu) (tedit 5A02FF57) (tstamp 60456ABA)
    (at 136.9695 106.9975 270)
    (descr "SOT-23, Standard")
    (tags SOT-23)
    (path /60455E3F/604C5FC3)
    (attr smd)
    (fp_text reference Q1 (at 0 2.5 90) (layer B.SilkS)
      (effects (font (size 1 1) (thickness 0.15)) (justify mirror))
    )
    (fp_text value MMBT3904 (at 0 -2.5 90) (layer B.Fab)
      (effects (font (size 1 1) (thickness 0.15)) (justify mirror))
    )
    (fp_line (start -0.7 0.95) (end -0.7 -1.5) (layer B.Fab) (width 0.1))
    (fp_line (start -0.15 1.52) (end 0.7 1.52) (layer B.Fab) (width 0.1))
    (fp_line (start -0.7 0.95) (end -0.15 1.52) (layer B.Fab) (width 0.1))
    (fp_line (start 0.7 1.52) (end 0.7 -1.52) (layer B.Fab) (width 0.1))
    (fp_line (start -0.7 -1.52) (end 0.7 -1.52) (layer B.Fab) (width 0.1))
    (fp_line (start 0.76 -1.58) (end 0.76 -0.65) (layer B.SilkS) (width 0.12))
    (fp_line (start 0.76 1.58) (end 0.76 0.65) (layer B.SilkS) (width 0.12))
    (fp_line (start -1.7 1.75) (end 1.7 1.75) (layer B.CrtYd) (width 0.05))
    (fp_line (start 1.7 1.75) (end 1.7 -1.75) (layer B.CrtYd) (width 0.05))
    (fp_line (start 1.7 -1.75) (end -1.7 -1.75) (layer B.CrtYd) (width 0.05))
    (fp_line (start -1.7 -1.75) (end -1.7 1.75) (layer B.CrtYd) (width 0.05))
    (fp_line (start 0.76 1.58) (end -1.4 1.58) (layer B.SilkS) (width 0.12))
    (fp_line (start 0.76 -1.58) (end -0.7 -1.58) (layer B.SilkS) (width 0.12))
    (fp_text user %R (at 0 0 180) (layer B.Fab)
      (effects (font (size 0.5 0.5) (thickness 0.075)) (justify mirror))
    )
    (pad 1 smd rect (at -1 0.95 270) (size 0.9 0.8) (layers B.Cu B.Paste B.Mask)
      (net 17 "Net-(Q1-Pad1)"))
    (pad 2 smd rect (at -1 -0.95 270) (size 0.9 0.8) (layers B.Cu B.Paste B.Mask)
      (net 1 GND))
    (pad 3 smd rect (at 1 0 270) (size 0.9 0.8) (layers B.Cu B.Paste B.Mask)
      (net 5 "Net-(D1-Pad2)"))
    (model ${KISYS3DMOD}/Package_TO_SOT_SMD.3dshapes/SOT-23.wrl
      (at (xyz 0 0 0))
      (scale (xyz 1 1 1))
      (rotate (xyz 0 0 0))
    )
  )

  (module Connector_PinHeader_2.54mm:PinHeader_1x02_P2.54mm_Vertical (layer B.Cu) (tedit 59FED5CC) (tstamp 60456AA5)
    (at 168.4655 76.6445 90)
    (descr "Through hole straight pin header, 1x02, 2.54mm pitch, single row")
    (tags "Through hole pin header THT 1x02 2.54mm single row")
    (path /604AE6F7/60465C33)
    (fp_text reference J9 (at 0 2.33 90) (layer B.SilkS)
      (effects (font (size 1 1) (thickness 0.15)) (justify mirror))
    )
    (fp_text value Conn_01x02_Male (at 0 -4.87 90) (layer B.Fab)
      (effects (font (size 1 1) (thickness 0.15)) (justify mirror))
    )
    (fp_line (start 1.8 1.8) (end -1.8 1.8) (layer B.CrtYd) (width 0.05))
    (fp_line (start 1.8 -4.35) (end 1.8 1.8) (layer B.CrtYd) (width 0.05))
    (fp_line (start -1.8 -4.35) (end 1.8 -4.35) (layer B.CrtYd) (width 0.05))
    (fp_line (start -1.8 1.8) (end -1.8 -4.35) (layer B.CrtYd) (width 0.05))
    (fp_line (start -1.33 1.33) (end 0 1.33) (layer B.SilkS) (width 0.12))
    (fp_line (start -1.33 0) (end -1.33 1.33) (layer B.SilkS) (width 0.12))
    (fp_line (start -1.33 -1.27) (end 1.33 -1.27) (layer B.SilkS) (width 0.12))
    (fp_line (start 1.33 -1.27) (end 1.33 -3.87) (layer B.SilkS) (width 0.12))
    (fp_line (start -1.33 -1.27) (end -1.33 -3.87) (layer B.SilkS) (width 0.12))
    (fp_line (start -1.33 -3.87) (end 1.33 -3.87) (layer B.SilkS) (width 0.12))
    (fp_line (start -1.27 0.635) (end -0.635 1.27) (layer B.Fab) (width 0.1))
    (fp_line (start -1.27 -3.81) (end -1.27 0.635) (layer B.Fab) (width 0.1))
    (fp_line (start 1.27 -3.81) (end -1.27 -3.81) (layer B.Fab) (width 0.1))
    (fp_line (start 1.27 1.27) (end 1.27 -3.81) (layer B.Fab) (width 0.1))
    (fp_line (start -0.635 1.27) (end 1.27 1.27) (layer B.Fab) (width 0.1))
    (fp_text user %R (at 0 -1.27 180) (layer B.Fab)
      (effects (font (size 1 1) (thickness 0.15)) (justify mirror))
    )
    (pad 2 thru_hole oval (at 0 -2.54 90) (size 1.7 1.7) (drill 1) (layers *.Cu *.Mask)
      (net 3 Vcc))
    (pad 1 thru_hole rect (at 0 0 90) (size 1.7 1.7) (drill 1) (layers *.Cu *.Mask)
      (net 16 EN))
    (model ${KISYS3DMOD}/Connector_PinHeader_2.54mm.3dshapes/PinHeader_1x02_P2.54mm_Vertical.wrl
      (at (xyz 0 0 0))
      (scale (xyz 1 1 1))
      (rotate (xyz 0 0 0))
    )
  )

  (module Connector_PinHeader_2.54mm:PinHeader_1x01_P2.54mm_Vertical (layer B.Cu) (tedit 59FED5CC) (tstamp 60456A8F)
    (at 136.4615 70.739)
    (descr "Through hole straight pin header, 1x01, 2.54mm pitch, single row")
    (tags "Through hole pin header THT 1x01 2.54mm single row")
    (path /604AE6F7/604B553F)
    (fp_text reference J8 (at 0 2.33) (layer B.SilkS)
      (effects (font (size 1 1) (thickness 0.15)) (justify mirror))
    )
    (fp_text value GND (at -2.54 -0.381 90) (layer B.Fab)
      (effects (font (size 1 1) (thickness 0.15)) (justify mirror))
    )
    (fp_line (start 1.8 1.8) (end -1.8 1.8) (layer B.CrtYd) (width 0.05))
    (fp_line (start 1.8 -1.8) (end 1.8 1.8) (layer B.CrtYd) (width 0.05))
    (fp_line (start -1.8 -1.8) (end 1.8 -1.8) (layer B.CrtYd) (width 0.05))
    (fp_line (start -1.8 1.8) (end -1.8 -1.8) (layer B.CrtYd) (width 0.05))
    (fp_line (start -1.33 1.33) (end 0 1.33) (layer B.SilkS) (width 0.12))
    (fp_line (start -1.33 0) (end -1.33 1.33) (layer B.SilkS) (width 0.12))
    (fp_line (start -1.33 -1.27) (end 1.33 -1.27) (layer B.SilkS) (width 0.12))
    (fp_line (start 1.33 -1.27) (end 1.33 -1.33) (layer B.SilkS) (width 0.12))
    (fp_line (start -1.33 -1.27) (end -1.33 -1.33) (layer B.SilkS) (width 0.12))
    (fp_line (start -1.33 -1.33) (end 1.33 -1.33) (layer B.SilkS) (width 0.12))
    (fp_line (start -1.27 0.635) (end -0.635 1.27) (layer B.Fab) (width 0.1))
    (fp_line (start -1.27 -1.27) (end -1.27 0.635) (layer B.Fab) (width 0.1))
    (fp_line (start 1.27 -1.27) (end -1.27 -1.27) (layer B.Fab) (width 0.1))
    (fp_line (start 1.27 1.27) (end 1.27 -1.27) (layer B.Fab) (width 0.1))
    (fp_line (start -0.635 1.27) (end 1.27 1.27) (layer B.Fab) (width 0.1))
    (fp_text user %R (at -0.125 0.119 -90) (layer B.Fab)
      (effects (font (size 1 1) (thickness 0.15)) (justify mirror))
    )
    (pad 1 thru_hole rect (at 0 0) (size 1.7 1.7) (drill 1) (layers *.Cu *.Mask)
      (net 1 GND))
